【装配体】髋关节总装-onlyleg 的质量属性
     配置： 默认
     坐标系： 坐标系1

质量 = 1621.25 克

体积 = 783639.46 立方毫米

表面积 = 363832.90  平方毫米

质心 : ( 毫米 )
	X = -36.53
	Y = -5.75
	Z = -63.09

惯性主轴和主惯性矩: ( 克 *  平方毫米 )
由重心决定。
	 Ix = (-0.04, -0.34,  0.94)   	Px = 3264318.89
	 Iy = (-0.21, -0.92, -0.34)   	Py = 15952190.46
	 Iz = ( 0.98, -0.21, -0.04)   	Pz = 18510599.58

惯性张量: ( 克 *  平方毫米 )
由重心决定，并且对齐输出的坐标系。 （使用正张量记数法。）
	Lxx = 18383370.36	Lxy = 665707.29	Lxz = -338745.65
	Lyx = 665707.29	Lyy = 14635264.09	Lyz = -4021544.03
	Lzx = -338745.65	Lzy = -4021544.03	Lzz = 4708474.48

惯性张量: ( 克 *  平方毫米 )
由输出座标系决定。 （使用正张量记数法。）
	Ixx = 24889986.52	Ixy = 1006425.81	Ixz = 3397173.77
	Iyx = 1006425.81	Iyy = 23251110.96	Iyz = -3433030.99
	Izx = 3397173.77	Izy = -3433030.99	Izz = 6925050.81

一个或多个零部件具有覆盖属性：
	DJI-C620电调<1><默认>
【装配体】髋关节总装-onlyleg 的质量属性
     配置： 默认
     坐标系： 坐标系1

质量 = 1621.25 克

体积 = 783640.06 立方毫米

表面积 = 363953.10  平方毫米

质心 : ( 毫米 )
	X = -36.53
	Y = -12.24
	Z = -63.67

惯性主轴和主惯性矩: ( 克 *  平方毫米 )
由重心决定。
	 Ix = (-0.04, -0.30,  0.95)   	Px = 3632737.09
	 Iy = (-0.20, -0.93, -0.30)   	Py = 15899622.36
	 Iz = ( 0.98, -0.20, -0.03)   	Pz = 18838666.30

惯性张量: ( 克 *  平方毫米 )
由重心决定，并且对齐输出的坐标系。 （使用正张量记数法。）
	Lxx = 18705328.02	Lxy = 703042.21	Lxz = -341799.60
	Lyx = 703042.21	Lyy = 14905058.86	Lyz = -3532291.66
	Lzx = -341799.60	Lzy = -3532291.66	Lzz = 4760638.86

惯性张量: ( 克 *  平方毫米 )
由输出座标系决定。 （使用正张量记数法。）
	Ixx = 25519838.28	Ixy = 1427906.35	Ixz = 3428305.86
	Iyx = 1427906.35	Iyy = 23639544.65	Iyz = -2268797.88
	Izx = 3428305.86	Izy = -2268797.88	Izz = 7166468.88

一个或多个零部件具有覆盖属性：
	DJI-C620电调<1><默认>
【装配体】髋关节总装-onlyleg 的质量属性
     配置： 默认
     坐标系： 坐标系1

质量 = 1621.25 克

体积 = 783640.66 立方毫米

表面积 = 364073.30  平方毫米

质心 : ( 毫米 )
	X = -36.53
	Y = -18.26
	Z = -63.97

惯性主轴和主惯性矩: ( 克 *  平方毫米 )
由重心决定。
	 Ix = (-0.04, -0.27,  0.96)   	Px = 4052126.04
	 Iy = (-0.19, -0.94, -0.27)   	Py = 15805552.97
	 Iz = ( 0.98, -0.19, -0.02)   	Pz = 19172832.94

惯性张量: ( 克 *  平方毫米 )
由重心决定，并且对齐输出的坐标系。 （使用正张量记数法。）
	Lxx = 19035070.37	Lxy = 742657.58	Lxz = -343352.27
	Lyx = 742657.58	Lyy = 15054223.28	Lyz = -3091497.21
	Lzx = -343352.27	Lzy = -3091497.21	Lzz = 4941218.29

惯性张量: ( 克 *  平方毫米 )
由输出座标系决定。 （使用正张量记数法。）
	Ixx = 26210539.80	Ixy = 1824150.14	Ixz = 3444815.00
	Iyx = 1824150.14	Iyy = 23851827.69	Iyz = -1197340.82
	Izx = 3444815.00	Izy = -1197340.82	Izz = 7644887.37

一个或多个零部件具有覆盖属性：
	DJI-C620电调<1><默认>
【装配体】髋关节总装-onlyleg 的质量属性
     配置： 默认
     坐标系： 坐标系1

质量 = 1621.25 克

体积 = 783641.26 立方毫米

表面积 = 364193.50  平方毫米

质心 : ( 毫米 )
	X = -36.53
	Y = -23.93
	Z = -64.08

惯性主轴和主惯性矩: ( 克 *  平方毫米 )
由重心决定。
	 Ix = (-0.04, -0.25,  0.97)   	Px = 4520054.71
	 Iy = (-0.18, -0.95, -0.25)   	Py = 15676712.60
	 Iz = ( 0.98, -0.18, -0.01)   	Pz = 19518383.87

惯性张量: ( 克 *  平方毫米 )
由重心决定，并且对齐输出的坐标系。 （使用正张量记数法。）
	Lxx = 19377389.24	Lxy = 784028.04	Lxz = -343800.01
	Lyx = 784028.04	Lyy = 15113319.92	Lyz = -2692701.00
	Lzx = -343800.01	Lzy = -2692701.00	Lzz = 5224442.02

惯性张量: ( 克 *  平方毫米 )
由输出座标系决定。 （使用正张量记数法。）
	Ixx = 26962079.35	Ixy = 2200963.42	Ixz = 3450568.19
	Iyx = 2200963.42	Iyy = 23932664.66	Iyz = -206977.50
	Izx = 3450568.19	Izy = -206977.50	Izz = 8315589.95

一个或多个零部件具有覆盖属性：
	DJI-C620电调<1><默认>
【装配体】髋关节总装-onlyleg 的质量属性
     配置： 默认
     坐标系： 坐标系1

质量 = 1621.25 克

体积 = 783641.86 立方毫米

表面积 = 364313.70  平方毫米

质心 : ( 毫米 )
	X = -36.53
	Y = -29.31
	Z = -64.03

惯性主轴和主惯性矩: ( 克 *  平方毫米 )
由重心决定。
	 Ix = (-0.04, -0.23,  0.97)   	Px = 5034599.74
	 Iy = (-0.17, -0.96, -0.23)   	Py = 15517836.37
	 Iz = ( 0.98, -0.17,  0.00)   	Pz = 19878836.15

惯性张量: ( 克 *  平方毫米 )
由重心决定，并且对齐输出的坐标系。 （使用正张量记数法。）
	Lxx = 19735449.03	Lxy = 826777.90	Lxz = -343395.05
	Lyx = 826777.90	Lyy = 15102497.66	Lyz = -2329906.44
	Lzx = -343395.05	Lzy = -2329906.44	Lzz = 5593325.56

惯性张量: ( 克 *  平方毫米 )
由输出座标系决定。 （使用正张量记数法。）
	Ixx = 27774453.10	Ixy = 2562499.62	Ixz = 3448021.09
	Iyx = 2562499.62	Iyy = 23911490.36	Iyz = 712694.57
	Izx = 3448021.09	Izy = 712694.57	Izz = 9149138.00

一个或多个零部件具有覆盖属性：
	DJI-C620电调<1><默认>
【装配体】髋关节总装-onlyleg 的质量属性
     配置： 默认
     坐标系： 坐标系1

质量 = 1621.25 克

体积 = 783642.46 立方毫米

表面积 = 364433.90  平方毫米

质心 : ( 毫米 )
	X = -36.53
	Y = -34.47
	Z = -63.85

惯性主轴和主惯性矩: ( 克 *  平方毫米 )
由重心决定。
	 Ix = (-0.04, -0.21,  0.98)   	Px = 5594283.01
	 Iy = (-0.16, -0.96, -0.21)   	Py = 15332312.86
	 Iz = ( 0.99, -0.16,  0.00)   	Pz = 20256591.79

惯性张量: ( 克 *  平方毫米 )
由重心决定，并且对齐输出的坐标系。 （使用正张量记数法。）
	Lxx = 20111405.99	Lxy = 870631.40	Lxz = -342303.63
	Lyx = 870631.40	Lyy = 15035479.14	Lyz = -1997968.64
	Lzx = -342303.63	Lzy = -1997968.64	Lzz = 6036302.54

惯性张量: ( 克 *  平方毫米 )
由输出座标系决定。 （使用正张量记数法。）
	Ixx = 28647662.29	Ixy = 2911808.17	Ixz = 3438789.38
	Iyx = 2911808.17	Iyy = 23808331.19	Iyz = 1570333.15
	Izx = 3438789.38	Izy = 1570333.15	Izz = 10125506.37

一个或多个零部件具有覆盖属性：
	DJI-C620电调<1><默认>
【装配体】髋关节总装-onlyleg 的质量属性
     配置： 默认
     坐标系： 坐标系1

质量 = 1621.25 克

体积 = 783642.46 立方毫米

表面积 = 364433.90  平方毫米

质心 : ( 毫米 )
	X = -36.53
	Y = -34.47
	Z = -63.85

惯性主轴和主惯性矩: ( 克 *  平方毫米 )
由重心决定。
	 Ix = (-0.04, -0.21,  0.98)   	Px = 5594283.01
	 Iy = (-0.16, -0.96, -0.21)   	Py = 15332312.86
	 Iz = ( 0.99, -0.16,  0.00)   	Pz = 20256591.79

惯性张量: ( 克 *  平方毫米 )
由重心决定，并且对齐输出的坐标系。 （使用正张量记数法。）
	Lxx = 20111405.99	Lxy = 870631.40	Lxz = -342303.63
	Lyx = 870631.40	Lyy = 15035479.14	Lyz = -1997968.64
	Lzx = -342303.63	Lzy = -1997968.64	Lzz = 6036302.54

惯性张量: ( 克 *  平方毫米 )
由输出座标系决定。 （使用正张量记数法。）
	Ixx = 28647662.29	Ixy = 2911808.17	Ixz = 3438789.38
	Iyx = 2911808.17	Iyy = 23808331.19	Iyz = 1570333.15
	Izx = 3438789.38	Izy = 1570333.15	Izz = 10125506.37

一个或多个零部件具有覆盖属性：
	DJI-C620电调<1><默认>
【装配体】髋关节总装-onlyleg 的质量属性
     配置： 默认
     坐标系： 坐标系1

质量 = 1621.25 克

体积 = 783643.66 立方毫米

表面积 = 364674.30  平方毫米

质心 : ( 毫米 )
	X = -36.53
	Y = -44.27
	Z = -63.20

惯性主轴和主惯性矩: ( 克 *  平方毫米 )
由重心决定。
	 Ix = (-0.04, -0.18,  0.98)   	Px = 6844807.63
	 Iy = (-0.14, -0.97, -0.18)   	Py = 14890563.81
	 Iz = ( 0.99, -0.15,  0.01)   	Pz = 21070250.78

惯性张量: ( 克 *  平方毫米 )
由重心决定，并且对齐输出的坐标系。 （使用正张量记数法。）
	Lxx = 20922621.77	Lxy = 960869.97	Lxz = -338476.87
	Lyx = 960869.97	Lyy = 14768577.89	Lyz = -1410331.81
	Lzx = -338476.87	Lzy = -1410331.81	Lzz = 7114422.56

惯性张量: ( 克 *  平方毫米 )
由输出座标系决定。 （使用正张量记数法。）
	Ixx = 30576608.84	Ixy = 3582361.98	Ixz = 3404299.07
	Iyx = 3582361.98	Iyy = 23408143.09	Iyz = 3126015.22
	Izx = 3404299.07	Izy = 3126015.22	Izz = 12454641.01

一个或多个零部件具有覆盖属性：
	DJI-C620电调<1><默认>
【装配体】髋关节总装-onlyleg 的质量属性
     配置： 默认
     坐标系： 坐标系1

质量 = 1621.25 克

体积 = 783644.26 立方毫米

表面积 = 364794.50  平方毫米

质心 : ( 毫米 )
	X = -36.53
	Y = -48.97
	Z = -62.76

惯性主轴和主惯性矩: ( 克 *  平方毫米 )
由重心决定。
	 Ix = (-0.04, -0.17,  0.99)   	Px = 7534105.35
	 Iy = (-0.14, -0.98, -0.17)   	Py = 14637555.49
	 Iz = ( 0.99, -0.14,  0.01)   	Pz = 21508227.05

惯性张量: ( 克 *  平方毫米 )
由重心决定，并且对齐输出的坐标系。 （使用正张量记数法。）
	Lxx = 21359753.86	Lxy = 1006973.37	Lxz = -335873.36
	Lyx = 1006973.37	Lyy = 14580641.61	Lyz = -1148271.51
	Lzx = -335873.36	Lzy = -1148271.51	Lzz = 7739492.43

惯性张量: ( 克 *  平方毫米 )
由输出座标系决定。 （使用正张量记数法。）
	Ixx = 31632363.07	Ixy = 3906722.80	Ixz = 3380314.81
	Iyx = 3906722.80	Iyy = 23128517.74	Iyz = 3833940.68
	Izx = 3380314.81	Izy = 3833940.68	Izz = 13790020.61

一个或多个零部件具有覆盖属性：
	DJI-C620电调<1><默认>
【装配体】髋关节总装-onlyleg 的质量属性
     配置： 默认
     坐标系： 坐标系1

质量 = 1621.25 克

体积 = 783644.86 立方毫米

表面积 = 364914.70  平方毫米

质心 : ( 毫米 )
	X = -36.53
	Y = -53.56
	Z = -62.23

惯性主轴和主惯性矩: ( 克 *  平方毫米 )
由重心决定。
	 Ix = (-0.04, -0.15,  0.99)   	Px = 8265329.68
	 Iy = (-0.13, -0.98, -0.16)   	Py = 14364656.59
	 Iz = ( 0.99, -0.14,  0.02)   	Pz = 21967906.46

惯性张量: ( 克 *  平方毫米 )
由重心决定，并且对齐输出的坐标系。 （使用正张量记数法。）
	Lxx = 21818755.53	Lxy = 1053594.38	Lxz = -332865.60
	Lyx = 1053594.38	Lyy = 14361837.39	Lyz = -904108.55
	Lzx = -332865.60	Lzy = -904108.55	Lzz = 8417299.82

惯性张量: ( 克 *  平方毫米 )
由输出座标系决定。 （使用正张量记数法。）
	Ixx = 32748985.62	Ixy = 4225337.90	Ixz = 3352375.59
	Iyx = 4225337.90	Iyy = 22803814.48	Iyz = 4500051.24
	Izx = 3352375.59	Izy = 4500051.24	Izz = 15231346.41

一个或多个零部件具有覆盖属性：
	DJI-C620电调<1><默认>
【装配体】髋关节总装-onlyleg 的质量属性
     配置： 默认
     坐标系： 坐标系1

质量 = 1621.25 克

体积 = 783645.46 立方毫米

表面积 = 365034.90  平方毫米

质心 : ( 毫米 )
	X = -36.53
	Y = -58.07
	Z = -61.64

惯性主轴和主惯性矩: ( 克 *  平方毫米 )
由重心决定。
	 Ix = (-0.04, -0.14,  0.99)   	Px = 9038030.94
	 Iy = (-0.13, -0.98, -0.14)   	Py = 14072722.07
	 Iz = ( 0.99, -0.13,  0.02)   	Pz = 22449776.71

惯性张量: ( 克 *  平方毫米 )
由重心决定，并且对齐输出的坐标系。 （使用正张量记数法。）
	Lxx = 22300073.27	Lxy = 1100655.04	Lxz = -329479.62
	Lyx = 1100655.04	Lyy = 14115028.72	Lyz = -675956.86
	Lzx = -329479.62	Lzy = -675956.86	Lzz = 9145427.73

惯性张量: ( 克 *  平方毫米 )
由输出座标系决定。 （使用正张量记数法。）
	Ixx = 33926489.20	Ixy = 4539069.46	Ixz = 3320730.69
	Iyx = 4539069.46	Iyy = 22438200.16	Iyz = 5126881.32
	Izx = 3320730.69	Izy = 5126881.32	Izz = 16774464.31

一个或多个零部件具有覆盖属性：
	DJI-C620电调<1><默认>
【装配体】髋关节总装-onlyleg 的质量属性
     配置： 默认
     坐标系： 坐标系1

质量 = 1621.26 克

体积 = 783646.06 立方毫米

表面积 = 365155.10  平方毫米

质心 : ( 毫米 )
	X = -36.53
	Y = -62.49
	Z = -60.98

惯性主轴和主惯性矩: ( 克 *  平方毫米 )
由重心决定。
	 Ix = (-0.04, -0.13,  0.99)   	Px = 9851787.45
	 Iy = (-0.12, -0.98, -0.13)   	Py = 13762486.88
	 Iz = ( 0.99, -0.12,  0.02)   	Pz = 22954210.58

惯性张量: ( 克 *  平方毫米 )
由重心决定，并且对齐输出的坐标系。 （使用正张量记数法。）
	Lxx = 22804050.12	Lxy = 1148092.19	Lxz = -325732.72
	Lyx = 1148092.19	Lyy = 13842422.44	Lyz = -462287.52
	Lzx = -325732.72	Lzy = -462287.52	Lzz = 9922012.35

惯性张量: ( 克 *  平方毫米 )
由输出座标系决定。 （使用正张量记数法。）
	Ixx = 35164887.99	Ixy = 4848615.77	Ixz = 3285544.53
	Iyx = 4848615.77	Iyy = 22034885.33	Iyz = 5716290.16
	Izx = 3285544.53	Izy = 5716290.16	Izz = 18416177.94

一个或多个零部件具有覆盖属性：
	DJI-C620电调<1><默认>
【装配体】髋关节总装-onlyleg 的质量属性
     配置： 默认
     坐标系： 坐标系1

质量 = 1621.26 克

体积 = 783646.66 立方毫米

表面积 = 365275.30  平方毫米

质心 : ( 毫米 )
	X = -36.53
	Y = -66.85
	Z = -60.26

惯性主轴和主惯性矩: ( 克 *  平方毫米 )
由重心决定。
	 Ix = (-0.04, -0.11,  0.99)   	Px = 10706058.13
	 Iy = (-0.12, -0.99, -0.11)   	Py = 13434737.40
	 Iz = ( 0.99, -0.12,  0.02)   	Pz = 23481496.85

惯性张量: ( 克 *  平方毫米 )
由重心决定，并且对齐输出的坐标系。 （使用正张量记数法。）
	Lxx = 23330953.10	Lxy = 1195854.15	Lxz = -321635.48
	Lyx = 1195854.15	Lyy = 13545742.75	Lyz = -261865.20
	Lzx = -321635.48	Lzy = -261865.20	Lzz = 10745596.52

惯性张量: ( 克 *  平方毫米 )
由输出座标系决定。 （使用正张量记数法。）
	Ixx = 36464197.57	Ixy = 5154548.46	Ixz = 3246916.37
	Iyx = 5154548.46	Iyy = 21596378.03	Iyz = 6269570.13
	Izx = 3246916.37	Izy = 6269570.13	Izz = 20153994.82

一个或多个零部件具有覆盖属性：
	DJI-C620电调<1><默认>
【装配体】髋关节总装-onlyleg 的质量属性
     配置： 默认
     坐标系： 坐标系1

质量 = 1621.26 克

体积 = 783647.26 立方毫米

表面积 = 365395.50  平方毫米

质心 : ( 毫米 )
	X = -36.53
	Y = -71.15
	Z = -59.48

惯性主轴和主惯性矩: ( 克 *  平方毫米 )
由重心决定。
	 Ix = (-0.03, -0.07,  1.00)   	Px = 11599373.68
	 Iy = (-0.11, -0.99, -0.07)   	Py = 13091137.23
	 Iz = ( 0.99, -0.11,  0.02)   	Pz = 24031861.97

惯性张量: ( 克 *  平方毫米 )
由重心决定，并且对齐输出的坐标系。 （使用正张量记数法。）
	Lxx = 23880992.61	Lxy = 1243898.16	Lxz = -317193.15
	Lyx = 1243898.16	Lyy = 13226353.73	Lyz = -73698.02
	Lzx = -317193.15	Lzy = -73698.02	Lzz = 11615026.54

惯性张量: ( 克 *  平方毫米 )
由输出座标系决定。 （使用正张量记数法。）
	Ixx = 37824435.02	Ixy = 5457339.95	Ixz = 3204893.39
	Iyx = 5457339.95	Iyy = 21124662.54	Iyz = 6787529.53
	Izx = 3204893.39	Izy = 6787529.53	Izz = 21985947.77

一个或多个零部件具有覆盖属性：
	DJI-C620电调<1><默认>
【装配体】髋关节总装-onlyleg 的质量属性
     配置： 默认
     坐标系： 坐标系1

质量 = 1621.26 克

体积 = 783647.86 立方毫米

表面积 = 365515.70  平方毫米

质心 : ( 毫米 )
	X = -36.53
	Y = -75.40
	Z = -58.63

惯性主轴和主惯性矩: ( 克 *  平方毫米 )
由重心决定。
	 Ix = ( 0.00,  0.27,  0.96)   	Px = 12501577.17
	 Iy = (-0.11, -0.96,  0.27)   	Py = 12761998.81
	 Iz = ( 0.99, -0.11,  0.03)   	Pz = 24605485.54

惯性张量: ( 克 *  平方毫米 )
由重心决定，并且对齐输出的坐标系。 （使用正张量记数法。）
	Lxx = 24454336.18	Lxy = 1292188.56	Lxz = -312406.48
	Lyx = 1292188.56	Lyy = 12885347.23	Lyz = 103001.92
	Lzx = -312406.48	Lzy = 103001.92	Lzz = 12529378.11

惯性张量: ( 克 *  平方毫米 )
由输出座标系决定。 （使用正张量记数法。）
	Ixx = 39245618.98	Ixy = 5757384.16	Ixz = 3159479.35
	Iyx = 5757384.16	Iyy = 20621327.30	Iyz = 7270554.31
	Izx = 3159479.35	Izy = 7270554.31	Izz = 23910466.96

一个或多个零部件具有覆盖属性：
	DJI-C620电调<1><默认>
【装配体】髋关节总装-onlyleg 的质量属性
     配置： 默认
     坐标系： 坐标系1

质量 = 1621.26 克

体积 = 783648.46 立方毫米

表面积 = 365635.90  平方毫米

质心 : ( 毫米 )
	X = -36.53
	Y = -79.61
	Z = -57.72

惯性主轴和主惯性矩: ( 克 *  平方毫米 )
由重心决定。
	 Ix = ( 0.10,  0.97,  0.20)   	Px = 12333522.11
	 Iy = (-0.05, -0.20,  0.98)   	Py = 13526594.32
	 Iz = ( 0.99, -0.11,  0.03)   	Pz = 25202511.43

惯性张量: ( 克 *  平方毫米 )
由重心决定，并且对齐输出的坐标系。 （使用正张量记数法。）
	Lxx = 25051118.60	Lxy = 1340695.36	Lxz = -307272.36
	Lyx = 1340695.36	Lyy = 12523606.72	Lyz = 268849.22
	Lzx = -307272.36	Lzy = 268849.22	Lzz = 13487902.54

惯性张量: ( 克 *  平方毫米 )
由输出座标系决定。 （使用正张量记数法。）
	Ixx = 40727769.80	Ixy = 6055012.16	Ixz = 3110640.09
	Iyx = 6055012.16	Iyy = 20087658.14	Iyz = 7718652.42
	Izx = 3110640.09	Izy = 7718652.42	Izz = 25926286.94

一个或多个零部件具有覆盖属性：
	DJI-C620电调<1><默认>
【装配体】髋关节总装-onlyleg 的质量属性
     配置： 默认
     坐标系： 坐标系1

质量 = 1621.26 克

体积 = 783649.06 立方毫米

表面积 = 365756.10  平方毫米

质心 : ( 毫米 )
	X = -36.53
	Y = -83.78
	Z = -56.74

惯性主轴和主惯性矩: ( 克 *  平方毫米 )
由重心决定。
	 Ix = ( 0.10,  0.98,  0.15)   	Px = 11940295.60
	 Iy = (-0.05, -0.15,  0.99)   	Py = 14539939.13
	 Iz = ( 0.99, -0.10,  0.03)   	Pz = 25823056.02

惯性张量: ( 克 *  平方毫米 )
由重心决定，并且对齐输出的坐标系。 （使用正张量记数法。）
	Lxx = 25671449.30	Lxy = 1389393.14	Lxz = -301784.12
	Lyx = 1389393.14	Lyy = 12141854.60	Lyz = 424308.84
	Lzx = -301784.12	Lzy = 424308.84	Lzz = 14489986.85

惯性张量: ( 克 *  平方毫米 )
由输出座标系决定。 （使用正张量记数法。）
	Ixx = 42270909.76	Ixy = 6350504.28	Ixz = 3058306.55
	Iyx = 6350504.28	Iyy = 19524707.00	Iyz = 8131483.58
	Izx = 3058306.55	Izy = 8131483.58	Izz = 28032378.04

一个或多个零部件具有覆盖属性：
	DJI-C620电调<1><默认>
【装配体】髋关节总装-onlyleg 的质量属性
     配置： 默认
     坐标系： 坐标系1

质量 = 1621.26 克

体积 = 783649.66 立方毫米

表面积 = 365876.30  平方毫米

质心 : ( 毫米 )
	X = -36.53
	Y = -87.91
	Z = -55.70

惯性主轴和主惯性矩: ( 克 *  平方毫米 )
由重心决定。
	 Ix = ( 0.09,  0.99,  0.13)   	Px = 11527677.99
	 Iy = (-0.04, -0.13,  0.99)   	Py = 15596337.15
	 Iz = ( 0.99, -0.10,  0.03)   	Pz = 26467214.28

惯性张量: ( 克 *  平方毫米 )
由重心决定，并且对齐输出的坐标系。 （使用正张量记数法。）
	Lxx = 26315417.88	Lxy = 1438260.21	Lxz = -295931.61
	Lyx = 1438260.21	Lyy = 11740687.50	Lyz = 569713.95
	Lzx = -295931.61	Lzy = 569713.95	Lzz = 15535124.03

惯性张量: ( 克 *  平方毫米 )
由输出座标系决定。 （使用正张量记数法。）
	Ixx = 43875063.31	Ixy = 6644099.53	Ixz = 3002375.96
	Iyx = 6644099.53	Iyy = 18933343.46	Iyz = 8508376.00
	Izx = 3002375.96	Izy = 8508376.00	Izz = 30227895.13

一个或多个零部件具有覆盖属性：
	DJI-C620电调<1><默认>
【装配体】髋关节总装-onlyleg 的质量属性
     配置： 默认
     坐标系： 坐标系1

质量 = 1621.26 克

体积 = 783650.26 立方毫米

表面积 = 365996.50  平方毫米

质心 : ( 毫米 )
	X = -36.53
	Y = -92.01
	Z = -54.59

惯性主轴和主惯性矩: ( 克 *  平方毫米 )
由重心决定。
	 Ix = ( 0.09,  0.99,  0.12)   	Px = 11098032.59
	 Iy = (-0.04, -0.12,  0.99)   	Py = 16693494.89
	 Iz = ( 0.99, -0.10,  0.03)   	Pz = 27135064.35

惯性张量: ( 克 *  平方毫米 )
由重心决定，并且对齐输出的坐标系。 （使用正张量记数法。）
	Lxx = 26983098.34	Lxy = 1487277.93	Lxz = -289701.22
	Lyx = 1487277.93	Lyy = 11320603.17	Lyz = 705278.86
	Lzx = -289701.22	Lzy = 705278.86	Lzz = 16622890.32

惯性张量: ( 克 *  平方毫米 )
由输出座标系决定。 （使用正张量记数法。）
	Ixx = 45540257.42	Ixy = 6936002.96	Ixz = 2942711.29
	Iyx = 6936002.96	Iyy = 18314293.83	Iyz = 8848331.16
	Izx = 2942711.29	Izy = 8848331.16	Izz = 32512138.88

一个或多个零部件具有覆盖属性：
	DJI-C620电调<1><默认>
【装配体】髋关节总装-onlyleg 的质量属性
     配置： 默认
     坐标系： 坐标系1

质量 = 1621.26 克

体积 = 783650.86 立方毫米

表面积 = 366116.70  平方毫米

质心 : ( 毫米 )
	X = -36.53
	Y = -96.09
	Z = -53.40

惯性主轴和主惯性矩: ( 克 *  平方毫米 )
由重心决定。
	 Ix = ( 0.09,  0.99,  0.11)   	Px = 10651900.88
	 Iy = (-0.05, -0.11,  0.99)   	Py = 17830929.18
	 Iz = ( 1.00, -0.09,  0.04)   	Pz = 27826670.99

惯性张量: ( 克 *  平方毫米 )
由重心决定，并且对齐输出的坐标系。 （使用正张量记数法。）
	Lxx = 27674552.20	Lxy = 1536430.16	Lxz = -283075.64
	Lyx = 1536430.16	Lyy = 10882021.04	Lyz = 831107.71
	Lzx = -283075.64	Lzy = 831107.71	Lzz = 17752927.80

惯性张量: ( 克 *  平方毫米 )
由输出座标系决定。 （使用正张量记数法。）
	Ixx = 47266522.02	Ixy = 7226391.56	Ixz = 2879139.02
	Iyx = 7226391.56	Iyy = 17668171.23	Iyz = 9150016.68
	Izx = 2879139.02	Izy = 9150016.68	Izz = 34884526.08

一个或多个零部件具有覆盖属性：
	DJI-C620电调<1><默认>
【装配体】髋关节总装-onlyleg 的质量属性
     配置： 默认
     坐标系： 坐标系1

质量 = 1621.26 克

体积 = 783651.46 立方毫米

表面积 = 366236.90  平方毫米

质心 : ( 毫米 )
	X = -36.53
	Y = -100.14
	Z = -52.14

惯性主轴和主惯性矩: ( 克 *  平方毫米 )
由重心决定。
	 Ix = ( 0.08,  0.99,  0.10)   	Px = 10189539.24
	 Iy = (-0.05, -0.10,  0.99)   	Py = 19008432.66
	 Iz = ( 1.00, -0.09,  0.04)   	Pz = 28542088.28

惯性张量: ( 克 *  平方毫米 )
由重心决定，并且对齐输出的坐标系。 （使用正张量记数法。）
	Lxx = 28389831.02	Lxy = 1585702.88	Lxz = -276033.45
	Lyx = 1585702.88	Lyy = 10425298.38	Lyz = 947199.18
	Lzx = -276033.45	Lzy = 947199.18	Lzz = 18924930.78

惯性张量: ( 克 *  平方毫米 )
由输出座标系决定。 （使用正张量记数法。）
	Ixx = 49053890.53	Ixy = 7515418.99	Ixz = 2811445.29
	Iyx = 7515418.99	Iyy = 16995499.05	Iyz = 9411746.40
	Izx = 2811445.29	Izy = 9411746.40	Izz = 37344566.77

一个或多个零部件具有覆盖属性：
	DJI-C620电调<1><默认>
【装配体】髋关节总装-onlyleg 的质量属性
     配置： 默认
     坐标系： 坐标系1

质量 = 1621.26 克

体积 = 783652.06 立方毫米

表面积 = 366357.10  平方毫米

质心 : ( 毫米 )
	X = -36.53
	Y = -104.16
	Z = -50.80

惯性主轴和主惯性矩: ( 克 *  平方毫米 )
由重心决定。
	 Ix = ( 0.08,  0.99,  0.10)   	Px = 9711118.90
	 Iy = (-0.05, -0.09,  0.99)   	Py = 20225875.69
	 Iz = ( 1.00, -0.09,  0.04)   	Pz = 29281361.65

惯性张量: ( 克 *  平方毫米 )
由重心决定，并且对齐输出的坐标系。 （使用正张量记数法。）
	Lxx = 29128978.30	Lxy = 1635083.78	Lxz = -268548.55
	Lyx = 1635083.78	Lyy = 9950742.96	Lyz = 1053447.27
	Lzx = -268548.55	Lzy = 1053447.27	Lzz = 20138634.98

惯性张量: ( 克 *  平方毫米 )
由输出座标系决定。 （使用正张量记数法。）
	Ixx = 50902400.58	Ixy = 7803219.36	Ixz = 2739369.91
	Iyx = 7803219.36	Iyy = 16296729.58	Iyz = 9631445.93
	Izx = 2739369.91	Izy = 9631445.93	Izz = 39891846.29

一个或多个零部件具有覆盖属性：
	DJI-C620电调<1><默认>
【装配体】髋关节总装-onlyleg 的质量属性
     配置： 默认
     坐标系： 坐标系1

质量 = 1621.26 克

体积 = 783652.66 立方毫米

表面积 = 366477.30  平方毫米

质心 : ( 毫米 )
	X = -36.53
	Y = -108.17
	Z = -49.36

惯性主轴和主惯性矩: ( 克 *  平方毫米 )
由重心决定。
	 Ix = ( 0.08,  0.99,  0.09)   	Px = 9216776.11
	 Iy = (-0.05, -0.09,  0.99)   	Py = 21483157.50
	 Iz = ( 1.00, -0.08,  0.04)   	Pz = 30044529.53

惯性张量: ( 克 *  平方毫米 )
由重心决定，并且对齐输出的坐标系。 （使用正张量记数法。）
	Lxx = 29892031.00	Lxy = 1684562.02	Lxz = -260589.29
	Lyx = 1684562.02	Lyy = 9458623.41	Lyz = 1149637.88
	Lzx = -260589.29	Lzy = 1149637.88	Lzz = 21393808.73

惯性张量: ( 克 *  平方毫米 )
由输出座标系决定。 （使用正张量记数法。）
	Ixx = 52812094.92	Ixy = 8089910.33	Ixz = 2662597.87
	Iyx = 8089910.33	Iyy = 15572259.11	Iyz = 9806600.19
	Izx = 2662597.87	Izy = 9806600.19	Izz = 42526011.10

一个或多个零部件具有覆盖属性：
	DJI-C620电调<1><默认>
【装配体】髋关节总装-onlyleg 的质量属性
     配置： 默认
     坐标系： 坐标系1

质量 = 1621.26 克

体积 = 783653.26 立方毫米

表面积 = 366597.50  平方毫米

质心 : ( 毫米 )
	X = -36.52
	Y = -112.16
	Z = -47.84

惯性主轴和主惯性矩: ( 克 *  平方毫米 )
由重心决定。
	 Ix = ( 0.08,  0.99,  0.09)   	Px = 8706630.59
	 Iy = (-0.05, -0.08,  1.00)   	Py = 22780189.01
	 Iz = ( 1.00, -0.08,  0.04)   	Pz = 30831624.57

惯性张量: ( 克 *  平方毫米 )
由重心决定，并且对齐输出的坐标系。 （使用正张量记数法。）
	Lxx = 30679020.76	Lxy = 1734127.97	Lxz = -252117.30
	Lyx = 1734127.97	Lyy = 8949177.65	Lyz = 1235440.63
	Lzx = -252117.30	Lzy = 1235440.63	Lzz = 22690245.75

惯性张量: ( 克 *  平方毫米 )
由输出座标系决定。 （使用正张量记数法。）
	Ixx = 54783022.69	Ixy = 8375595.71	Ixz = 2580747.42
	Iyx = 8375595.71	Iyy = 14822440.45	Iyz = 9934177.79
	Izx = 2580747.42	Izy = 9934177.79	Izz = 45246757.54

一个或多个零部件具有覆盖属性：
	DJI-C620电调<1><默认>
【装配体】髋关节总装-onlyleg 的质量属性
     配置： 默认
     坐标系： 坐标系1

质量 = 1621.26 克

体积 = 783653.86 立方毫米

表面积 = 366717.70  平方毫米

质心 : ( 毫米 )
	X = -36.52
	Y = -116.13
	Z = -46.21

惯性主轴和主惯性矩: ( 克 *  平方毫米 )
由重心决定。
	 Ix = ( 0.08,  0.99,  0.08)   	Px = 8180794.63
	 Iy = (-0.05, -0.08,  1.00)   	Py = 24116884.55
	 Iz = ( 1.00, -0.08,  0.05)   	Pz = 31642674.61

惯性张量: ( 克 *  平方毫米 )
由重心决定，并且对齐输出的坐标系。 （使用正张量记数法。）
	Lxx = 31489974.83	Lxy = 1783773.01	Lxz = -243085.79
	Lyx = 1783773.01	Lyy = 8422620.20	Lyz = 1310394.42
	Lzx = -243085.79	Lzy = 1310394.42	Lzz = 24027758.76

惯性张量: ( 克 *  平方毫米 )
由输出座标系决定。 （使用正张量记数法。）
	Ixx = 56815241.01	Ixy = 8660367.59	Ixz = 2493353.54
	Iyx = 8660367.59	Iyy = 14047593.78	Iyz = 10010523.53
	Izx = 2493353.54	Izy = 10010523.53	Izz = 48053822.53

一个或多个零部件具有覆盖属性：
	DJI-C620电调<1><默认>
【装配体】髋关节总装-onlyleg 的质量属性
     配置： 默认
     坐标系： 坐标系1

质量 = 1621.26 克

体积 = 783654.46 立方毫米

表面积 = 366837.90  平方毫米

质心 : ( 毫米 )
	X = -36.52
	Y = -120.08
	Z = -44.47

惯性主轴和主惯性矩: ( 克 *  平方毫米 )
由重心决定。
	 Ix = ( 0.07,  0.99,  0.08)   	Px = 7639379.31
	 Iy = (-0.05, -0.07,  1.00)   	Py = 25493156.60
	 Iz = ( 1.00, -0.08,  0.05)   	Pz = 32477703.51

惯性张量: ( 克 *  平方毫米 )
由重心决定，并且对齐输出的坐标系。 （使用正张量记数法。）
	Lxx = 32324916.89	Lxy = 1833489.35	Lxz = -233437.19
	Lyx = 1833489.35	Lyy = 7879148.75	Lyz = 1373884.90
	Lzx = -233437.19	Lzy = 1373884.90	Lzz = 25406173.77

惯性张量: ( 克 *  平方毫米 )
由输出座标系决定。 （使用正张量记数法。）
	Ixx = 58908817.28	Ixy = 8944308.10	Ixz = 2399844.38
	Iyx = 8944308.10	Iyy = 13248016.49	Iyz = 10031205.73
	Izx = 2399844.38	Izy = 10031205.73	Izz = 50946976.09

一个或多个零部件具有覆盖属性：
	DJI-C620电调<1><默认>
【装配体】髋关节总装-onlyleg 的质量属性
     配置： 默认
     坐标系： 坐标系1

质量 = 1621.26 克

体积 = 783655.06 立方毫米

表面积 = 366958.10  平方毫米

质心 : ( 毫米 )
	X = -36.52
	Y = -124.02
	Z = -42.60

惯性主轴和主惯性矩: ( 克 *  平方毫米 )
由重心决定。
	 Ix = ( 0.07,  0.99,  0.07)   	Px = 7082499.74
	 Iy = (-0.06, -0.07,  1.00)   	Py = 26908911.18
	 Iz = ( 1.00, -0.07,  0.05)   	Pz = 33336731.61

惯性张量: ( 克 *  平方毫米 )
由重心决定，并且对齐输出的坐标系。 （使用正张量记数法。）
	Lxx = 33183867.70	Lxy = 1883269.88	Lxz = -223099.75
	Lyx = 1883269.88	Lyy = 7318950.38	Lyz = 1425110.14
	Lzx = -223099.75	Lzy = 1425110.14	Lzz = 26825324.45

惯性张量: ( 克 *  平方毫米 )
由输出座标系决定。 （使用正张量记数法。）
	Ixx = 61063832.40	Ixy = 9227491.03	Ixz = 2299507.56
	Iyx = 9227491.03	Iyy = 12423992.91	Iyz = 9990796.17
	Izx = 2299507.56	Izy = 9990796.17	Izz = 53926014.79

一个或多个零部件具有覆盖属性：
	DJI-C620电调<1><默认>
【装配体】髋关节总装-onlyleg 的质量属性
     配置： 默认
     坐标系： 坐标系1

质量 = 1621.26 克

体积 = 783655.66 立方毫米

表面积 = 367078.30  平方毫米

质心 : ( 毫米 )
	X = -36.52
	Y = -127.95
	Z = -40.59

惯性主轴和主惯性矩: ( 克 *  平方毫米 )
由重心决定。
	 Ix = ( 0.07,  1.00,  0.07)   	Px = 6510280.99
	 Iy = (-0.06, -0.06,  1.00)   	Py = 28364042.80
	 Iz = ( 1.00, -0.07,  0.05)   	Pz = 34219776.17

惯性张量: ( 克 *  平方毫米 )
由重心决定，并且对齐输出的坐标系。 （使用正张量记数法。）
	Lxx = 34066845.67	Lxy = 1933107.97	Lxz = -211982.54
	Lyx = 1933107.97	Lyy = 6742208.31	Lyz = 1463028.45
	Lzx = -211982.54	Lzy = 1463028.45	Lzz = 28285045.98

惯性张量: ( 克 *  平方毫米 )
由输出座标系决定。 （使用正张量记数法。）
	Ixx = 63280385.45	Ixy = 9509983.18	Ixz = 2191440.15
	Iyx = 9509983.18	Iyy = 11575804.63	Iyz = 9882545.78
	Izx = 2191440.15	Izy = 9882545.78	Izz = 56990756.12

一个或多个零部件具有覆盖属性：
	DJI-C620电调<1><默认>
【装配体】髋关节总装-onlyleg 的质量属性
     配置： 默认
     坐标系： 坐标系1

质量 = 1621.27 克

体积 = 783656.26 立方毫米

表面积 = 367198.50  平方毫米

质心 : ( 毫米 )
	X = -36.52
	Y = -131.87
	Z = -38.41

惯性主轴和主惯性矩: ( 克 *  平方毫米 )
由重心决定。
	 Ix = ( 0.07,  1.00,  0.06)   	Px = 5922865.53
	 Iy = (-0.06, -0.06,  1.00)   	Py = 29858427.86
	 Iz = ( 1.00, -0.07,  0.06)   	Pz = 35126851.38

惯性张量: ( 克 *  平方毫米 )
由重心决定，并且对齐输出的坐标系。 （使用正张量记数法。）
	Lxx = 34973867.33	Lxy = 1982997.37	Lxz = -199967.67
	Lyx = 1982997.37	Lyy = 6149109.67	Lyz = 1486277.59
	Lzx = -199967.67	Lzy = 1486277.59	Lzz = 29785167.78

惯性张量: ( 克 *  平方毫米 )
由输出座标系决定。 （使用正张量记数法。）
	Ixx = 65558600.77	Ixy = 9791845.65	Ixz = 2074472.10
	Iyx = 9791845.65	Iyy = 10703743.09	Iyz = 9697890.69
	Izx = 2074472.10	Izy = 9697890.69	Izz = 60141032.98

一个或多个零部件具有覆盖属性：
	DJI-C620电调<1><默认>
【装配体】髋关节总装-onlyleg 的质量属性
     配置： 默认
     坐标系： 坐标系1

质量 = 1621.27 克

体积 = 783656.86 立方毫米

表面积 = 367318.70  平方毫米

质心 : ( 毫米 )
	X = -36.52
	Y = -135.78
	Z = -36.04

惯性主轴和主惯性矩: ( 克 *  平方毫米 )
由重心决定。
	 Ix = ( 0.07,  1.00,  0.06)   	Px = 5320424.11
	 Iy = (-0.06, -0.05,  1.00)   	Py = 31391915.06
	 Iz = ( 1.00, -0.07,  0.06)   	Pz = 36057968.13

惯性张量: ( 克 *  平方毫米 )
由重心决定，并且对齐输出的坐标系。 （使用正张量记数法。）
	Lxx = 35904947.84	Lxy = 2032931.98	Lxz = -186897.96
	Lyx = 2032931.98	Lyy = 5539855.97	Lyz = 1493045.57
	Lzx = -186897.96	Lzy = 1493045.57	Lzz = 31325503.49

惯性张量: ( 克 *  平方毫米 )
由输出座标系决定。 （使用正张量记数法。）
	Ixx = 67898639.22	Ixy = 10073135.17	Ixz = 1947043.69
	Iyx = 10073135.17	Iyy = 9808126.49	Iyz = 9425667.72
	Izx = 1947043.69	Izy = 9425667.72	Izz = 63376688.03

一个或多个零部件具有覆盖属性：
	DJI-C620电调<1><默认>
【装配体】髋关节总装-onlyleg 的质量属性
     配置： 默认
     坐标系： 坐标系1

质量 = 1621.27 克

体积 = 783657.46 立方毫米

表面积 = 367438.90  平方毫米

质心 : ( 毫米 )
	X = -36.52
	Y = -139.67
	Z = -33.43

惯性主轴和主惯性矩: ( 克 *  平方毫米 )
由重心决定。
	 Ix = ( 0.06,  1.00,  0.05)   	Px = 4703173.22
	 Iy = (-0.07, -0.05,  1.00)   	Py = 32964310.13
	 Iz = ( 1.00, -0.07,  0.07)   	Pz = 37013132.75

惯性张量: ( 克 *  平方毫米 )
由重心决定，并且对齐输出的坐标系。 （使用正张量记数法。）
	Lxx = 36860101.50	Lxy = 2082905.57	Lxz = -172556.04
	Lyx = 2082905.57	Lyy = 4914678.75	Lyz = 1480853.00
	Lzx = -172556.04	Lzy = 1480853.00	Lzz = 32905835.86

惯性张量: ( 克 *  平方毫米 )
由输出座标系决定。 （使用正张量记数法。）
	Ixx = 70300716.96	Ixy = 10353905.59	Ixz = 1806997.88
	Iyx = 10353905.59	Iyy = 8889325.52	Iyz = 9050797.81
	Izx = 1806997.88	Izy = 9050797.81	Izz = 66697566.75

一个或多个零部件具有覆盖属性：
	DJI-C620电调<1><默认>
